1169336944 3024036226 46676171
1263157944 1445876546 148868263
2080390054 2683279801 65621604
949040795 1266013203 61140343
2146011658 2793621589 110265098
525510412 2618124082 65155719
2977122301 3122211455 179751286
3885825304 713560214 409141992
1081017627 4124851079 88319317
590666131 2039951828 38597255
3596454634 1981772613 58179215
2256276756 2078549083 315165891
1639631621 1122702206 143310997
2858399301 1327153546 118723000
3654633849 3301962741 72039868
749412925 3549292249 161128796
1412026207 541983534 151190298
1054901322 4268850991 26116305
1829368778 3374002609 175289640
1216013115 2570979253 47144829
2806900243 3070712397 51499058
1563216505 3760425124 76415116
1782942618 3710421045 29953038
629263386 2903886687 120149539
2060339013 3740374083 20051041
3156873587 3836840240 52553243
2693038006 4010988842 113862237
3726673717 2411827666 159151587
2004658418 4213170396 55680595
1812895656 525510412 16473122
1010181138 2748901405 44720184
910541721 693173832 20386382
930928103 2393714974 18112692
3209426830 1594744809 387027804
2571442647 3889393483 121595359