1305211417 3371927062 89487200
947159122 0 358052295
324330151 2021970861 8067408
332397559 654359706 174171341
506568900 3311893445 60033617
11065691 828531047 45586147
3556729147 369117986 26689998
3583419145 395807984 258551722
2356886904 984938593 400606547
1394698617 874117194 110821399
566602517 3946624826 164852367
2998901322 2301963630 256425441
0 358052295 11065691
3331964991 3087129289 34908052
1505520016 2106676497 195287133
56651838 2819450976 267678313
3366873043 3293025783 18867662
3385740705 3122037341 170988442
2281795782 2799796942 19654034
2301449816 1966533773 55437088
3992934054 3677118500 118543139
3255326763 2030038269 76638228
3849868384 3803559156 143065670
2757493451 2558389071 241407871
3841970867 3795661639 7897517
1700807149 1385545140 580988633
731454884 3461414262 215704238