325190047 421798005 78544109
4034765382 1473940091 137996533
403734156 658668780 288666603
2574766003 2624114227 17352982
1931650757 2203381572 98211987
4263596455 2843660329 31370841
1614547845 2641467209 55121215
3441604278 2032673361 170708211
692400759 563703672 94965108
2992851755 3824700930 114550818
3957953582 2540115966 24844899
0 500342114 59804107
4172761915 2577017231 47096996
2029862744 3548344768 52256082
2620304610 2875031170 99567251
3982798481 3939251748 51966901
2325101894 1616388089 203150170
3612312489 1611936624 4451465
787365867 0 77461445
1341614907 4162572181 132395115
2542801978 3468402968 31964025
223387052 947335383 59156225
2297805420 1819538259 27296474
2082118826 3991218649 171353532
3374211778 3040047171 67392500
2592118985 1341614907 28185625
2253472358 2495782904 44333062
4219858911 3780963386 43737544
59804107 560146221 3557451
3107402573 3600600850 64973479
1669669060 3115086052 235712356
2719871861 1369800532 104139559
3172376052 2301593559 194189345
2980795389 2564960865 12056366
1905381416 3350798408 26269341
63361558 261772511 160025494
2824011420 3377067749 91335219
3366565397 3107439671 7646381
282543277 77461445 42646770
3713793353 2696588424 147071905
2528252064 1877585624 14549914
3927202691 1846834733 30750891
3665815578 3500366993 47977775
1474010022 1892135538 140537823
3616763954 3665574329 49051624
2915346639 2974598421 65448750
864827312 120108215 141664296
3860865258 3714625953 66337433