3835605444 4098164436 1662218
682286299 0 63480553
396476124 2072802434 285810175
1644893571 655614677 162631098
3625179075 4099826654 40627721
1431211762 1859120625 213681809
2853687843 4140454375 103601386
1390165578 2358612609 41046184
2405285827 3959200676 138963760
900243562 1478767251 170015757
3727732722 3084190064 107872722
893948759 1084467374 6294803
210337617 818245775 186138507
1807524669 63480553 592134124
825849944 1090762177 68098815
3837267662 3192062786 457699634
0 1648783008 210337617
3665806796 2405285827 61925926
1070259319 1158860992 319906259
745766852 1004384282 80083092
2957289229 4244055761 50911535
2544249587 3649762420 309438256
3008200764 2467211753 616978311