555269773 2142838063 230952411
2879443939 2889030006 80512763
192641991 2686257040 106620606
786222184 967781117 56662479
3467110983 4162792381 132174915
1955778230 0 505352386
2461130616 1138855522 99691153
1436321461 1403321335 440861327
2625559119 1024443596 104825859
1255310011 2792877646 96152360
1877182788 697994377 78595442
3732975066 3467110983 374194949
842884663 2373790474 56459390
299262597 2430249864 256007176
3599285898 3841305932 133689168
4107170015 3974995100 187797281
0 505352386 192641991
1090535351 1238546675 164774660
2959956702 1129269455 9586067
1351462371 1844182662 84859090
2730384978 1929041752 149058961
899344053 776589819 191191298
2560821769 2078100713 64737350